        2000   9.9999997764825821E-003  -35.432357539999970       -35.267549230000128        1.4055463697703870E-003   1.0006083402799618E-003
        2000   1.9999999552965164E-002  -35.248582740000018       -35.168869820000005        1.4007902063967364E-003   9.8104539714839994E-004
        2000   2.9999999329447746E-002  -35.314521514999967       -35.229536984999974        1.3952196858308368E-003   9.5291587212541348E-004
        2000   3.9999999105930328E-002  -35.319833579999951       -35.249056644999953        1.3851246557112821E-003   9.9359400809684566E-004
        2000   5.0000000745058060E-002  -35.320348740000021       -35.306327970000027        1.3882958559162648E-003   9.6949138044872749E-004
        2000   5.9999998658895493E-002  -35.235542320000043       -35.301428964999978        1.4251823556729448E-003   1.0102564536590703E-003
        2000   7.0000000298023224E-002  -35.266687204999961       -35.212528829999982        1.4174112954203767E-003   9.7724867261133816E-004
        2000   7.9999998211860657E-002  -35.198333420000047       -35.285530689999966        1.4071277156793769E-003   9.9335618226291107E-004
        2000   9.0000003576278687E-002  -35.374398600000006       -35.288583104999894        1.3923782652788890E-003   9.8450863145291322E-004
        2000  0.10000000149011612       -35.256117284999966       -35.191181285000020        1.4243065896939442E-003   9.7243848943086612E-004
        2000  0.10999999940395355       -35.375121239999991       -35.122243154999992        1.3790194774908114E-003   9.9655016950554558E-004
        2000  0.11999999731779099       -35.291034095000015       -35.223897450000003        1.4143526146038509E-003   1.0108375596054996E-003
        2000  0.12999999523162842       -35.087001690000037       -35.338625495000002        1.4018623441697795E-003   9.6422294186035667E-004
        2000  0.14000000059604645       -35.225944359999986       -35.257205460000051        1.3688859012223992E-003   1.0025827895993342E-003
        2000  0.15000000596046448       -35.279332079999953       -35.327487109999950        1.4325900346890534E-003   9.9695896872740715E-004
        2000  0.15999999642372131       -35.285906034999954       -35.225002635000010        1.4532284966115524E-003   1.0068530037831624E-003
        2000  0.17000000178813934       -35.261951294999974       -35.222286699999970        1.4002031555859374E-003   9.5501468567149551E-004
        2000  0.18000000715255737       -35.150748359999938       -35.281301945000003        1.4153258292127948E-003   9.8297891218114379E-004
        2000  0.18999999761581421       -35.304377540000019       -35.282983560000019        1.3723676093768255E-003   9.8506301003260040E-004
        2000  0.20000000298023224       -35.381426565000034       -35.225574024999979        1.3711543437880463E-003   1.0115805497850181E-003
