        2000   1.9999999552965164E-002  -35.406490819999988       -35.250870269999993        2.5943006331718894E-003   1.8244009345936836E-003
        2000   3.9999999105930328E-002  -35.155096950000001       -35.283880465000010        2.0955805419203212E-003   1.4570964907078445E-003
        2000   5.9999998658895493E-002  -35.447325990000074       -35.319511700000049        1.7806647036677408E-003   1.2144270088579382E-003
        2000   7.9999998211860657E-002  -35.268168669999966       -35.280491089999977        1.5334333041602563E-003   1.0587504530189507E-003
        2000  0.10000000149011612       -35.337673604999928       -35.351389934999979        1.4181881349498754E-003   9.8874194839600259E-004
        2000  0.11999999731779099       -35.322570765000002       -35.252326750000030        1.2895576861974766E-003   8.8934115828041317E-004
        2000  0.14000000059604645       -35.357875280000052       -35.302388224999959        1.1972377230472166E-003   8.3859806246294993E-004
        2000  0.15999999642372131       -35.281139864999986       -35.315795104999985        1.1359862010612844E-003   7.9209942421744188E-004
        2000  0.18000000715255737       -35.283028505000075       -35.287726984999978        1.0762211064004328E-003   7.5440233004302876E-004
        2000  0.20000000298023224       -35.327882445000022       -35.273529904999961        1.0172809795877293E-003   6.9312812787066316E-004
        2000  0.21999999880790710       -35.263217924999950       -35.287060820000001        9.8376849346116396E-004   6.7965311136156516E-004
        2000  0.23999999463558197       -35.247262020000015       -35.294466120000024        9.1810439045298601E-004   6.5518686730748742E-004
        2000  0.25999999046325684       -35.294421190000008       -35.285697655000035        8.7179654537658069E-004   6.2270144977709103E-004
        2000  0.28000000119209290       -35.301467815000002       -35.230578835000102        8.5695209417327640E-004   6.0459898571325519E-004
        2000  0.30000001192092896       -35.211003314999957       -35.252318520000102        8.4209851022366367E-004   5.8755127955119530E-004
        2000  0.31999999284744263       -35.276753795000062       -35.283469900000085        8.0667676117878177E-004   5.5236144240514249E-004
        2000  0.34000000357627869       -35.259475775000041       -35.256667719999939        7.8512512028814502E-004   5.4551250443444891E-004
        2000  0.36000001430511475       -35.302643644999996       -35.298333090000099        7.5986862449105568E-004   5.2249050653357162E-004
        2000  0.37999999523162842       -35.249759319999917       -35.261582544999968        7.4193457207232872E-004   5.2328429550552050E-004
        2000  0.40000000596046448       -35.285518049999993       -35.290527490000002        7.2565025298263830E-004   5.0530963604214941E-004
