3  5.0   0.1          2000   3.0999999046325684       -11.497013174904986       -11.385089946334501       0.34286173060701380       0.24376463858005004     
3  5.0   0.1          2000   3.2000000476837158       -26.271681120625011       -26.269301965349989       0.27765020248599920       0.19774412531560354     
3  5.0   0.1          2000   3.2999999523162842       -34.611659465000066       -34.582585816499979       0.22714430433649493       0.15647036380921800     
3  5.0   0.1          2000   3.4000000953674316       -38.370622910499975       -38.332291550000001       0.18635322050494610       0.13441820690091752     
3  5.0   0.1          2000   3.5000000000000000       -38.862681314999989       -38.713374040000033       0.15421770492897943       0.10930661493517557     
3  5.0   0.1          2000   3.5999999046325684       -37.015332120000110       -37.113419495000009       0.13250085183782709        9.4823092822804711E-002
3  5.0   0.1          2000   3.7000000476837158       -34.924375370000028       -34.825537650000015       0.11709260360290773        8.2484072176082404E-002
3  5.0   0.1          2000   3.7999999523162842       -31.938759839999989       -31.840215069999989        9.7350052063196024E-002   6.8447901507517742E-002
3  5.0   0.1          2000   3.9000000953674316       -28.869403285000068       -28.814104270000023        8.3852661135879400E-002   5.8835217629807056E-002
3  5.0   0.1          2000   4.0000000000000000       -25.775327604999980       -25.768989415000025        7.5000689185071356E-002   5.2476421521530259E-002
3  5.0   0.1          2000   4.0999999046325684       -22.792175234999991       -22.764477980000045        6.7936744293802767E-002   4.7886699480847089E-002
3  5.0   0.1          2000   4.1999998092651367       -20.158806634999998       -20.210703925000015        6.0157003784700527E-002   4.1863340302368587E-002
3  5.0   0.1          2000   4.3000001907348633       -17.685770850000001       -17.712855885000018        5.4070684303431191E-002   3.7954617349127376E-002
3  5.0   0.1          2000   4.4000000953674316       -15.512510667999987       -15.608764465000016        4.7264200511457195E-002   3.3415166963032865E-002
3  5.0   0.1          2000   4.5000000000000000       -13.663498584999990       -13.654080350999990        4.2869947705334643E-002   3.0958097016561031E-002
3  5.0   0.1          2000   4.5999999046325684       -11.935578468000028       -11.974773072999991        3.9413228514756982E-002   2.7500066899908259E-002
3  5.0   0.1          2000   4.6999998092651367       -10.537678354500002       -10.517668316500014        3.5194872993297995E-002   2.5058503075348678E-002
3  5.0   0.1          2000   4.8000001907348633       -9.2152741964999869       -9.2293371944999887        3.2763031045976436E-002   2.2557753540187440E-002
3  5.0   0.1          2000   4.9000000953674316       -8.1536928750000008       -8.1462209819999796        2.8876301248957251E-002   1.9990254811491796E-002
3  5.0   0.1          2000   5.0000000000000000       -7.1374768019999992       -7.1253454484999983        2.6742547547533520E-002   1.8729093966906848E-002
3  5.0   0.1          2000   5.0999999046325684       -6.2877627750000160       -6.3078853999999893        2.4329347416960686E-002   1.7401146361478843E-002
3  5.0   0.1          2000   5.1999998092651367       -5.5738700430000048       -5.5786061985000117        2.2186565392363102E-002   1.5944505216824525E-002
3  5.0   0.1          2000   5.3000001907348633       -4.9552972720000001       -4.9353355400000094        2.0106078785616925E-002   1.4438353461772005E-002
3  5.0   0.1          2000   5.4000000953674316       -4.3926591160000026       -4.4037609910000022        1.8729807305036053E-002   1.2868372300947464E-002
3  5.0   0.1          2000   5.5000000000000000       -3.8970113189999980       -3.8933717780000019        1.7155362572194070E-002   1.2098374962933747E-002
3  5.0   0.1          2000   5.5999999046325684       -3.4659740814499989       -3.4630413299999967        1.6142399848341957E-002   1.1305557979631495E-002
3  5.0   0.1          2000   5.6999998092651367       -3.0962131300500042       -3.0950243450000046        1.4755410843656388E-002   1.0630843746779972E-002
3  5.0   0.1          2000   5.8000001907348633       -2.7814893741499973       -2.7726172909999982        1.3678739938428818E-002   9.5623928586406320E-003
3  5.0   0.1          2000   5.9000000953674316       -2.4745630797500011       -2.4657598639999962        1.2688882088693468E-002   8.8377493493223165E-003
3  5.0   0.1          2000   6.0000000000000000       -2.2447611750999963       -2.2280550906499994        1.1260770998285170E-002   7.9273891253563242E-003
3  5.0   0.1          2000   6.0999999046325684       -2.0066691305499984       -2.0104747218000010        1.0320752974941352E-002   7.2194240851425773E-003
3  5.0   0.1          2000   6.1999998092651367       -1.8052676960500000       -1.8117303784500005        9.8429374301533916E-003   6.9373976641739299E-003
3  5.0   0.1          2000   6.3000001907348633       -1.6337968675499990       -1.6436757714999983        8.7451269193743984E-003   6.1907908001312181E-003
3  5.0   0.1          2000   6.4000000953674316       -1.4844164661500021       -1.4921743293500014        8.2920510712105270E-003   5.8256256289658526E-003
3  5.0   0.1          2000   6.5000000000000000       -1.3543527192999993       -1.3501472960000032        7.5185992463878545E-003   5.3870706842246959E-003
3  5.0   0.1          2000   6.5999999046325684       -1.2282169089499966       -1.2263871893499987        6.9718576414666035E-003   5.0283452480268213E-003
3  5.0   0.1          2000   6.6999998092651367       -1.1198628329999996       -1.1195560629000010        6.6624234296369482E-003   4.8168395884618485E-003
3  5.0   0.1          2000   6.8000001907348633       -1.0187754386850008       -1.0189083558500001        6.1819176068304716E-003   4.2908318684504003E-003
3  5.0   0.1          2000   6.9000000953674316      -0.92865025085000097      -0.93069270254999981        5.7329630691049932E-003   3.9640963197585507E-003
3  5.0   0.1          2000   7.0000000000000000      -0.84403360859999887      -0.84761214289999887        5.4044249933653020E-003   3.7692383440280082E-003
3  5.0   0.1          2000   7.0999999046325684      -0.77327743356999989      -0.77612127194999836        5.0512798371026933E-003   3.4290408109189830E-003
3  5.0   0.1          2000   7.1999998092651367      -0.70965812369999914      -0.70886682255000044        4.6285694933422637E-003   3.2937732578997335E-003
3  5.0   0.1          2000   7.3000001907348633      -0.65303991892999980      -0.65445418529999877        4.2971550818066947E-003   3.0439221222183632E-003
3  5.0   0.1          2000   7.4000000953674316      -0.59685335730500089      -0.59481839094999978        4.1765694944444843E-003   2.8981852246293912E-003
3  5.0   0.1          2000   7.5000000000000000      -0.55301338136550005      -0.55022382235000034        3.8203677364920326E-003   2.7131424374250584E-003
3  5.0   0.1          2000   7.5999999046325684      -0.50732920837250028      -0.50379938095499999        3.6445223253990322E-003   2.6353442995405837E-003
3  5.0   0.1          2000   7.6999998092651367      -0.46914189732565070      -0.46757530336500025        3.3756242532229251E-003   2.3970439343556321E-003
3  5.0   0.1          2000   7.8000001907348633      -0.43480426431999941      -0.43361059704499955        3.1460818979039819E-003   2.1707206294076572E-003
3  5.0   0.1          2000   7.9000000953674316      -0.40102527658344983      -0.40117549785000012        2.9052006497820191E-003   2.0551659417733458E-003
3  5.0   0.1          2000   8.0000000000000000      -0.36711476409499905      -0.36709711705500003        2.7663806524972968E-003   1.9787601509036697E-003
3  5.0   0.1          2000   8.1000003814697266      -0.34151372737750002      -0.34370291385499957        2.6108951269518039E-003   1.8324841197704233E-003
3  5.0   0.1          2000   8.1999998092651367      -0.31932606167649991      -0.31702849812499984        2.4931047480440433E-003   1.7871671590551429E-003
3  5.0   0.1          2000   8.3000001907348633      -0.29594478655599937      -0.29396332060000041        2.3113377680152722E-003   1.6483651623309058E-003
3  5.0   0.1          2000   8.3999996185302734      -0.27427471480115018      -0.27413629069499945        2.2050159635526576E-003   1.5208231633152937E-003
3  5.0   0.1          2000   8.5000000000000000      -0.25314416180919941      -0.25274302962499967        2.0804375357254224E-003   1.4563917207978279E-003
3  5.0   0.1          2000   8.6000003814697266      -0.23727367716750020      -0.23821052294249981        1.9443242557275152E-003   1.4239262775943115E-003
3  5.0   0.1          2000   8.6999998092651367      -0.21872828124511970      -0.21924338554499995        1.8514879573176006E-003   1.3328820621507603E-003
3  5.0   0.1          2000   8.8000001907348633      -0.20653869174549996      -0.20691830765500011        1.7229785918705795E-003   1.1941184191828220E-003
3  5.0   0.1          2000   8.8999996185302734      -0.19184353937299972      -0.19043777513799953        1.6729538268543643E-003   1.1694042792796345E-003
3  5.0   0.1          2000   9.0000000000000000      -0.17654601534200071      -0.17787681953000015        1.5641021079003704E-003   1.1192833127535795E-003
3  5.0   0.1          2000   9.1000003814697266      -0.16698564858149986      -0.16780372796500015        1.4674979768278592E-003   1.0343527402408381E-003
3  5.0   0.1          2000   9.1999998092651367      -0.15535149038339974      -0.15461493735299989        1.4198594308519341E-003   1.0000800553322123E-003
3  5.0   0.1          2000   9.3000001907348633      -0.14520052269040015      -0.14577282766359997        1.3027695638289931E-003   9.3703137067624746E-004
3  5.0   0.1          2000   9.3999996185302734      -0.13549143695792401      -0.13741601248449997        1.3090226678622403E-003   9.0975519225051070E-004
3  5.0   0.1          2000   9.5000000000000000      -0.12622068933695013      -0.12672439959600004        1.1865943527118181E-003   8.3208454637564739E-004
3  5.0   0.1          2000   9.6000003814697266      -0.12098002150413240      -0.12043572412800009        1.1249657584768826E-003   8.1121977853205877E-004
3  5.0   0.1          2000   9.6999998092651367      -0.11364266059263489      -0.11326879070050011        1.0890736902277041E-003   7.5954263250430738E-004
3  5.0   0.1          2000   9.8000001907348633      -0.10848238936704993      -0.10700226445700016        1.0178125443202504E-003   7.2979812051272126E-004
3  5.0   0.1          2000   9.8999996185302734       -9.8375671837949999E-002  -9.9008440601499839E-002   1.0018999811469717E-003   7.1285728521640844E-004
3  5.0   0.1          2000   10.000000000000000       -9.4494372556239978E-002  -9.3995716448950162E-002   9.2662560950981375E-004   6.6567505242028471E-004
