-1.1  0
-1.078  0
-1.056  0
-1.034  0
-1.012  0.234907
-0.99  0.805396
-0.968  0.719104
-0.946  0.618429
-0.924  0.575283
-0.902  0.632811
-0.88  0.498579
-0.858  0.412286
-0.836  0.73828
-0.814  0.556107
-0.792  0.512961
-0.77  0.316406
-0.748  0.709516
-0.726  0.536931
-0.704  0.479402
-0.682  0.412286
-0.66  0.479402
-0.638  0.556107
-0.616  0.469814
-0.594  0.656781
-0.572  0.316406
-0.55  0.278053
-0.528  0.680752
-0.506  0.450638
-0.484  0.584871
-0.462  0.488991
-0.44  0.354758
-0.418  0.325994
-0.396  0.632811
-0.374  0.421874
-0.352  0.546519
-0.33  0.474608
-0.308  0.44105
-0.286  0.220525
-0.264  0.546519
-0.242  0.517755
-0.22  0.527343
-0.198  0.594459
-0.176  0.249289
-0.154  0.383522
-0.132  0.421874
-0.11  0.565695
-0.088  0.450638
-0.066  0.39311
-0.044  0.656781
-0.022  0.306818
0  0.335582
0.022  0.421874
0.044  0.556107
0.066  0.469814
0.088  0.671163
0.11  0.278053
0.132  0.325994
0.154  0.364346
0.176  0.565695
0.198  0.498579
0.22  0.421874
0.242  0.589665
0.264  0.39311
0.286  0.373934
0.308  0.44105
0.33  0.479402
0.352  0.488991
0.374  0.680752
0.396  0.34517
0.418  0.287641
0.44  0.565695
0.462  0.469814
0.484  0.498579
0.506  0.570489
0.528  0.364346
0.55  0.39311
0.572  0.488991
0.594  0.546519
0.616  0.632811
0.638  0.383522
0.66  0.39311
0.682  0.556107
0.704  0.565695
0.726  0.589665
0.748  0.498579
0.77  0.364346
0.792  0.556107
0.814  0.814984
0.836  0.306818
0.858  0.623223
0.88  0.632811
0.902  0.589665
0.924  0.508167
0.946  0.747868
0.968  0.81019
0.99  0.242098
1.012  0
1.034  0
1.056  0
1.078  0
