3039c3039
<    10    8  150 -0.21550660E-05  0.29203150E+02  0.85306306E+03
---
>    10    8  150 -0.21550660E-05  0.29203150E+02  0.85306307E+03
7376c7376
<    10   20  155  0.26885172E-05  0.29055285E+02  0.84370216E+03
---
>    10   20  155  0.26885172E-05  0.29055285E+02  0.84370215E+03
8060c8060
<    10   22  117 -0.85697946E-07  0.47152403E+02  0.88117090E+03
---
>    10   22  117 -0.85697946E-07  0.47152404E+02  0.88117090E+03
9186c9186
<    10   25  160  0.26885172E-05  0.29055285E+02  0.84370216E+03
---
>    10   25  160  0.26885172E-05  0.29055285E+02  0.84370215E+03
11003c11003
<    10   30  172 -0.21550660E-05  0.29203150E+02  0.85306306E+03
---
>    10   30  172 -0.21550660E-05  0.29203150E+02  0.85306307E+03
13460c13460
<    10   37  102  0.28767702E-07 -0.39739994E+02 -0.23068577E+03
---
>    10   37  102  0.28767701E-07 -0.39739994E+02 -0.23068577E+03
18140c18140
<    10   50   89  0.11291817E-06  0.86653501E+01  0.38709575E+03
---
>    10   50   89  0.11291817E-06  0.86653502E+01  0.38709575E+03
22902c22902
<    10   63  158 -0.85697946E-07  0.47152403E+02  0.88117090E+03
---
>    10   63  158 -0.85697946E-07  0.47152404E+02  0.88117090E+03
28302c28302
<    10   78  143  0.28767702E-07 -0.39739994E+02 -0.23068577E+03
---
>    10   78  143  0.28767701E-07 -0.39739994E+02 -0.23068577E+03
32180c32180
<    10   89   50  0.11291817E-06  0.86653501E+01  0.38709575E+03
---
>    10   89   50  0.11291817E-06  0.86653502E+01  0.38709575E+03
32982c32982
<    10   91  130  0.11291817E-06  0.86653501E+01  0.38709575E+03
---
>    10   91  130  0.11291817E-06  0.86653502E+01  0.38709575E+03
36860c36860
<    10  102   37  0.28767702E-07 -0.39739994E+02 -0.23068577E+03
---
>    10  102   37  0.28767701E-07 -0.39739994E+02 -0.23068577E+03
42260c42260
<    10  117   22 -0.85697946E-07  0.47152403E+02  0.88117090E+03
---
>    10  117   22 -0.85697946E-07  0.47152404E+02  0.88117090E+03
47022c47022
<    10  130   91  0.11291817E-06  0.86653501E+01  0.38709575E+03
---
>    10  130   91  0.11291817E-06  0.86653502E+01  0.38709575E+03
51702c51702
<    10  143   78  0.28767702E-07 -0.39739994E+02 -0.23068577E+03
---
>    10  143   78  0.28767701E-07 -0.39739994E+02 -0.23068577E+03
54159c54159
<    10  150    8 -0.21550660E-05  0.29203150E+02  0.85306306E+03
---
>    10  150    8 -0.21550660E-05  0.29203150E+02  0.85306307E+03
55976c55976
<    10  155   20  0.26885172E-05  0.29055285E+02  0.84370216E+03
---
>    10  155   20  0.26885172E-05  0.29055285E+02  0.84370215E+03
57102c57102
<    10  158   63 -0.85697946E-07  0.47152403E+02  0.88117090E+03
---
>    10  158   63 -0.85697946E-07  0.47152404E+02  0.88117090E+03
57786c57786
<    10  160   25  0.26885172E-05  0.29055285E+02  0.84370216E+03
---
>    10  160   25  0.26885172E-05  0.29055285E+02  0.84370215E+03
62123c62123
<    10  172   30 -0.21550660E-05  0.29203150E+02  0.85306306E+03
---
>    10  172   30 -0.21550660E-05  0.29203150E+02  0.85306307E+03
68199c68199
<    10  188  330 -0.21550660E-05  0.29203150E+02  0.85306306E+03
---
>    10  188  330 -0.21550660E-05  0.29203150E+02  0.85306307E+03
72536c72536
<    10  200  335  0.26885172E-05  0.29055285E+02  0.84370216E+03
---
>    10  200  335  0.26885172E-05  0.29055285E+02  0.84370215E+03
73220c73220
<    10  202  297 -0.85697946E-07  0.47152403E+02  0.88117090E+03
---
>    10  202  297 -0.85697946E-07  0.47152404E+02  0.88117090E+03
74346c74346
<    10  205  340  0.26885172E-05  0.29055285E+02  0.84370216E+03
---
>    10  205  340  0.26885172E-05  0.29055285E+02  0.84370215E+03
76163c76163
<    10  210  352 -0.21550660E-05  0.29203150E+02  0.85306306E+03
---
>    10  210  352 -0.21550660E-05  0.29203150E+02  0.85306307E+03
78620c78620
<    10  217  282  0.28767702E-07 -0.39739994E+02 -0.23068577E+03
---
>    10  217  282  0.28767701E-07 -0.39739994E+02 -0.23068577E+03
83300c83300
<    10  230  269  0.11291817E-06  0.86653501E+01  0.38709575E+03
---
>    10  230  269  0.11291817E-06  0.86653502E+01  0.38709575E+03
88062c88062
<    10  243  338 -0.85697946E-07  0.47152403E+02  0.88117090E+03
---
>    10  243  338 -0.85697946E-07  0.47152404E+02  0.88117090E+03
93462c93462
<    10  258  323  0.28767702E-07 -0.39739994E+02 -0.23068577E+03
---
>    10  258  323  0.28767701E-07 -0.39739994E+02 -0.23068577E+03
97340c97340
<    10  269  230  0.11291817E-06  0.86653501E+01  0.38709575E+03
---
>    10  269  230  0.11291817E-06  0.86653502E+01  0.38709575E+03
98142c98142
<    10  271  310  0.11291817E-06  0.86653501E+01  0.38709575E+03
---
>    10  271  310  0.11291817E-06  0.86653502E+01  0.38709575E+03
102020c102020
<    10  282  217  0.28767702E-07 -0.39739994E+02 -0.23068577E+03
---
>    10  282  217  0.28767701E-07 -0.39739994E+02 -0.23068577E+03
107420c107420
<    10  297  202 -0.85697946E-07  0.47152403E+02  0.88117090E+03
---
>    10  297  202 -0.85697946E-07  0.47152404E+02  0.88117090E+03
112182c112182
<    10  310  271  0.11291817E-06  0.86653501E+01  0.38709575E+03
---
>    10  310  271  0.11291817E-06  0.86653502E+01  0.38709575E+03
116862c116862
<    10  323  258  0.28767702E-07 -0.39739994E+02 -0.23068577E+03
---
>    10  323  258  0.28767701E-07 -0.39739994E+02 -0.23068577E+03
119319c119319
<    10  330  188 -0.21550660E-05  0.29203150E+02  0.85306306E+03
---
>    10  330  188 -0.21550660E-05  0.29203150E+02  0.85306307E+03
121136c121136
<    10  335  200  0.26885172E-05  0.29055285E+02  0.84370216E+03
---
>    10  335  200  0.26885172E-05  0.29055285E+02  0.84370215E+03
122262c122262
<    10  338  243 -0.85697946E-07  0.47152403E+02  0.88117090E+03
---
>    10  338  243 -0.85697946E-07  0.47152404E+02  0.88117090E+03
122946c122946
<    10  340  205  0.26885172E-05  0.29055285E+02  0.84370216E+03
---
>    10  340  205  0.26885172E-05  0.29055285E+02  0.84370215E+03
127283c127283
<    10  352  210 -0.21550660E-05  0.29203150E+02  0.85306306E+03
---
>    10  352  210 -0.21550660E-05  0.29203150E+02  0.85306307E+03
